无穷远D光  -1E15 20 3 3 62.5 -43.65 -124.35 4.0 2.5 1 1.51679695 1.67270157 1 10
无穷远F光   -1E15 20 3 3 62.5 -43.65 -124.35 4.0 2.5 1 1.52237092 1.68751548 1 10
无穷远C光   -1E15 20 3 3 62.5 -43.65 -124.35 4.0 2.5 1 1.51432267 1.66661041 1 10

//1视场
有限远D光  -500 -1.145991998 26 3 62.5 -43.65 -124.35 4.0 2.5 1 1.51679695 1.67270157 1 10
有限远F光   -500 -1.145991998 26 3 62.5 -43.65 -124.35 4.0 2.5 1 1.52237092 1.68751548 1 10
有限远C光   -500 -1.145991998 26 3 62.5 -43.65 -124.35 4.0 2.5 1 1.51432267 1.66661041 1 10

//0.7视场
有限远D光  -500 -1.145991998 18.2 3 62.5 -43.65 -124.35 4.0 2.5 1 1.51679695 1.67270157 1 10
有限远F光   -500 -1.145991998 18.2 3 62.5 -43.65 -124.35 4.0 2.5 1 1.52237092 1.68751548 1 10
有限远C光   -500 -1.145991998 18.2 3 62.5 -43.65 -124.35 4.0 2.5 1 1.51432267 1.66661041 1 10

 -500 -1.145991998 26 3 62.5 -43.65 -124.35 4.0 2.5 1 1.51679695 1.67270157 1 10